{
  "accessors": [
    {
      "bufferView": 1,
      "componentType": 5126,
      "count": 6606,
      "max": [
        10.061610221862793,
        30.790729522705078,
        26.954559326171875
      ],
      "min": [
        -37.093711853027344,
        -48.389289855957031,
        -24.734380722045898
      ],
      "type": "VEC3"
    },
    {
      "bufferView": 1,
      "byteOffset": 79272,
      "componentType": 5126,
      "count": 6606,
      "max": [
        0.99269610643386841,
        0.99970406293869019,
        0.99996060132980347
      ],
      "min": [
        -0.99980610609054565,
        -0.99993288516998291,
        -0.99987977743148804
      ],
      "type": "VEC3"
    },
    {
      "bufferView": 0,
      "componentType": 5125,
      "count": 39396,
      "max": [
        6605
      ],
      "min": [
        0
      ],
      "type": "SCALAR"
    }
  ],
  "asset": {
    "extras": {
      "author": "ian1518 (https://sketchfab.com/ian1518)",
      "license": "CC-BY-4.0 (http://creativecommons.org/licenses/by/4.0/)",
      "source": "https://sketchfab.com/models/5102dc741fcf45ddb33a20091d22e428",
      "title": "FPS Arms"
    },
    "generator": "Sketchfab-3.29.4",
    "version": "2.0"
  },
  "bufferViews": [
    {
      "buffer": 0,
      "byteLength": 157584,
      "byteOffset": 0,
      "name": "floatBufferViews",
      "target": 34963
    },
    {
      "buffer": 0,
      "byteLength": 158544,
      "byteOffset": 157584,
      "byteStride": 12,
      "name": "floatBufferViews",
      "target": 34962
    }
  ],
  "buffers": [
    {
      "byteLength": 316128,
      "uri": "scene.bin"
    }
  ],
  "materials": [
    {
      "doubleSided": true,
      "emissiveFactor": [
        0,
        0,
        0
      ],
      "name": "Root",
      "pbrMetallicRoughness": {
        "baseColorFactor": [
          0.9,
          0.5,
          0.4,
          0.8
        ],
        "metallicFactor": 0,
        "roughnessFactor": 0.59999999999999998
      }
    }
  ],
  "meshes": [
    {
      "name": "Cube.001",
      "primitives": [
        {
          "attributes": {
            "NORMAL": 1,
            "POSITION": 0
          },
          "indices": 2,
          "material": 0,
          "mode": 4
        }
      ]
    }
  ],
  "nodes": [
    {
      "children": [
        1
      ],
      "name": "RootNode (gltf orientation matrix)",
      "rotation": [
        -0.70710678118654746,
        -0,
        -0,
        0.70710678118654757
      ]
    },
    {
      "children": [
        2
      ],
      "name": "RootNode (model correction matrix)"
    },
    {
      "children": [
        3,
        5,
        7,
        9,
        11,
        13,
        15
      ],
      "name": "Root"
    },
    {
      "children": [
        4
      ],
      "matrix": [
        -0.29086000000000006,
        0.95517000000000007,
        -0.05519000000000001,
        0,
        -0.77110000000000001,
        -0.19988000000000003,
        0.60452000000000006,
        0,
        0.56639000000000006,
        0.21839000000000003,
        0.7946700000000001,
        0,
        -13.901169999999999,
        7.75007,
        -2.5936399999999997,
        1
      ],
      "name": "Lamp"
    },
    {
      "name": "Lamp"
    },
    {
      "children": [
        6
      ],
      "matrix": [
        0.11353000000000002,
        0.046010000000000016,
        0.055170000000000011,
        0,
        0.037220000000000003,
        -0.054790000000000012,
        -0.030900000000000007,
        0,
        0.011920000000000002,
        0.041400000000000006,
        -0.059050000000000012,
        0,
        0.049970000000000007,
        0.16920000000000004,
        0.69189000000000023,
        1
      ],
      "name": "Cube.001"
    },
    {
      "mesh": 0,
      "name": "Cube.001"
    },
    {
      "children": [
        8
      ],
      "matrix": [
        -0.29086000000000006,
        0.95517000000000007,
        -0.05519000000000001,
        0,
        -0.77110000000000001,
        -0.19988000000000003,
        0.60452000000000006,
        0,
        0.56639000000000006,
        0.21839000000000003,
        0.7946700000000001,
        0,
        0.19142000000000003,
        9.3245900000000006,
        4.98543,
        1
      ],
      "name": "Lamp.001"
    },
    {
      "name": "Lamp.001"
    },
    {
      "children": [
        10
      ],
      "matrix": [
        -0.29086000000000006,
        0.95517000000000007,
        -0.05519000000000001,
        0,
        -0.77110000000000001,
        -0.19988000000000003,
        0.60452000000000006,
        0,
        0.56639000000000006,
        0.21839000000000003,
        0.7946700000000001,
        0,
        -7.5743200000000002,
        2.46156,
        -11.188009999999998,
        1
      ],
      "name": "Lamp.002"
    },
    {
      "name": "Lamp.002"
    },
    {
      "children": [
        12
      ],
      "matrix": [
        -0.29086000000000006,
        0.95517000000000007,
        -0.05519000000000001,
        0,
        -0.77110000000000001,
        -0.19988000000000003,
        0.60452000000000006,
        0,
        0.56639000000000006,
        0.21839000000000003,
        0.7946700000000001,
        0,
        2.8732699999999998,
        -8.2954600000000003,
        -11.521059999999999,
        1
      ],
      "name": "Lamp.003"
    },
    {
      "name": "Lamp.003"
    },
    {
      "children": [
        14
      ],
      "matrix": [
        -0.29086000000000006,
        0.95517000000000007,
        -0.05519000000000001,
        0,
        -0.77110000000000001,
        -0.19988000000000003,
        0.60452000000000006,
        0,
        0.56639000000000006,
        0.21839000000000003,
        0.7946700000000001,
        0,
        -11.231449999999999,
        -5.1758799999999994,
        -0.34510000000000007,
        1
      ],
      "name": "Lamp.004"
    },
    {
      "name": "Lamp.004"
    },
    {
      "children": [
        16
      ],
      "matrix": [
        -0.29086000000000006,
        0.95517000000000007,
        -0.05519000000000001,
        0,
        -0.77110000000000001,
        -0.19988000000000003,
        0.60452000000000006,
        0,
        0.56639000000000006,
        0.21839000000000003,
        0.7946700000000001,
        0,
        0.58745000000000003,
        -11.864240000000001,
        4.0232600000000005,
        1
      ],
      "name": "Lamp.005"
    },
    {
      "name": "Lamp.005"
    }
  ],
  "scene": 0,
  "scenes": [
    {
      "name": "OSG_Scene",
      "nodes": [
        0
      ]
    }
  ]
}

